Inicio da operacao
2016-09-30 16:48:40.360000
 TS01 = 81
 TS02 = 82
 TS03 = 83
TS04 = 83
 TS05 = 87
 TS06 = 87
 TS07 = 85
TS08 = 87
 TS09 = 88

Authors	Articles	Collaborations	Authors	Eold	Enew
9098	13367		27970		1893	2639	1293
Fim da Operacao
2016-09-30 16:51:24.559000