Inicio da operacao
2016-09-30 20:59:54.311000
 TS01 = 672
 TS02 = 675
 TS03 = 681
TS04 = 684
 TS05 = 685
 TS06 = 670
 TS07 = 674
TS08 = 670
 TS09 = 665

Authors	Articles	Collaborations	Authors	Eold	Enew
25869	22612		157192		4437	12897	7507
Fim da Operacao
2016-09-30 21:16:19.570000