Inicio da operacao
2016-09-30 20:50:04.477000
 TS01 = 1432
 TS02 = 1418
 TS03 = 1423
TS04 = 1417
 TS05 = 1429
 TS06 = 1422
 TS07 = 1425
TS08 = 1430
 TS09 = 1428

Authors	Articles	Collaborations	Authors	Eold	Enew
11728	16003		176676		2476	13837	8246
Fim da Operacao
2016-09-30 20:59:37.276000